AGARTALA 28/03/2019 0000 77231 42724
99012 18013 00000 00116 24862 04006 92800 23261 33007
85530 16441 29512 70153 09674 33529 50583 10196 32552
40751 22792 33060 30954 40386 33063 25077 48783 31583
20225 49583 27063 15408 61979 27065
88242 50383 31076
77252 31583 43051
31313 52108 82323= 
 AHMEDABAD 28/03/2019 0000 77231 42647
99005 25063 00000 00102 29870 33509 92799 30274 01010 85546 24066 10004 70209 13264 03015 50592 07561 31011 40762 20750
30021 30968 36556 26028 25092 47361 27525 20235 54563 27532 15416 64378 27524 10658 72576 31514 88999 77999 31313 52108 
82317 =

 
 AMINIDIVI 28/03/2019 0000 TTAA 78001 43311

99011 28428 27006 00102 28646 28509 92791 24458 29008 85529

21457 00507 70183 10658 05518 50590 03772 09521 40762 15572

33005 30972 32563 34021 25098 41968 31553 20246 53170 29040

15426 66169 30027

88999

77999

31313 52108 82303= 
 BHOPAL 28/03/2019 0000 78001 42667
99954 20461 07016 00124 ///// ///// 92801 26874 06006 85541
22668 32019 70190 09661 33519 50590 07759 31528 40760 18375
27531 30967 35364 27026 25091 46562 26022 20235 58761 28527
15414 62779 28030 10657 72176 28525
88999
77999
31313 52108 82326= 
 BHUBANESWAR 28/03/2019 0000 TTAA 78001 42971
99007 26014 16002 00103 26032 18505 92789 24456 25505 85529
20442 34006 70172 08457 29033 50589 05373 32020 40759 18173
30528 30966 35766 30036 25090 46384 31530 20235 57973 29039
15414 63778 26047 10658 72176 26540 88103 72976 26539 77999
31313 52108 82344= 
 DEHRADUN 28/03/2019 0000 ZCZC 005
UXIN90 VIDN 280000
TTAA 7800/
42111 ASCENT SUSPENDED =
NNNN                                                                                                                                                                                                                                                                    
 GANGTOK 28/03/2019 0000 TTAA 78001 42299
99822 14050 00000 00111 ///// ///// 92766 ///// /////
85477 ///// ///// 70087 06460 28008 50576 08760 31522
40745 21560 34036 30949 39759 34044 25071 49562 33556
20212 62159 33568 15391 62161 30548 10638 67562 30035
88195 63159 34063
77201 33568 40925
31313 52108 82321= 
 GOA 28/03/2019 0000 78001 43192
99004 27418 00000 00097 27833 12503 92788 25440 32004 85537
25259 36010 70204 10618 11506 50593 04962 08011 40764 16967
36007 30973 33563 29009 25097 44162 31039 20244 53368 30052
15424 64767 28043 10666 74367 29032
88999
77999
31313 52108 82329= 
 HYDERABAD 28/03/2019 0000 TTAA 78001 43128
99951 25456 00000 00090 ///// ///// 92775 29066 14511 85525
25464 19005 70188 10256 30009 50590 06982 31008 40761 17181
35005 30969 35378 27009 25093 45984 28515 20238 55981 29026
15418 62979 28035 10660 74975 27035
88999
77999
31313 52108 82354 
 JAIPUR 28/03/2019 0000  Nil  
 JAMMU 28/03/2019 0000 TTAA 78001 42056
99968 18220 05002 00110 ///// ///// 92782 21865 36005
85511 18661 32508 70150 08861 29515 50583 10956 26521
40751 22557 26037 30955 39150 26541 25077 50157 26551
20219 61763 25057 15398 61779 26531 10644 70176 29530
88200 61763 25057 88105 69977 31033
77999
31313 52108 82257 
 KARAIKAL 28/03/2019 0000  78001 43346

99011 26840 13506 00126 27248 13009 92813 25868 18011

85548 20270 11503 70192 09673 04521 50591 04198 06516

40763 16177 28515 30972 32788 24026 25098 42585 24021

20245 52782 27538 15424 67971 26536 10662 78374 21519

88101 78974 22019

77999

31313 52108 82312= 
 KOCHI 28/03/2019 0000 TTAA 78001 43353
99011 29042 00000 00113 27656 02008 92800 23056 33513
85533 18440 34507 70172 09874 06025 50589 04598 07526
40761 16794 25508 30970 32788 31522 25096 41185 31041
20244 54181 28037 15423 67777 29019 10660 78174 22010
88999
77999
=
 
 KOLKATA 28/03/2019 0000  77231 42809 
99012 26046 00000 00111 25020 16003 92793 22250 23011 85523
16850 25505 70148 09683 32024 50585 08376 33034 40754 21177
31036 30959 38370 32050 25081 48767 32057 20225 55565 30046
15405 61765 26062 10650 70164 25554 88105 70964 25053 77143
26064 41628 31313 41708 82318= 
 LUCKNOW 28/03/2019 0000 77232 42369
99998 19056 00000 00106 ///// ///// 92783 20660 31010
85507 18064 31528 70146 10266 32024 50585 08164 31011
40755 20164 28520 30961 37366 30024 25084 47964 30532
88999
77999
31313 52108 80022= 
 MANGALORE 28/03/2019 0000 TTAA 78001 43285
99004 26031 00000 00115 25829 09005 92801 21616 28006
85537 21850 04009 70192 09458 06513 50591 06173 10520
40761 16972 35007 30970 33968 30519 25095 44366 32546
20242 52377 29046 15421 65770 27030 10660 80772 26519
88999
77230 31562 43528
31313 52108 82302 
 MINICOY 28/03/2019 0000 78001 43369
99012 28028 01006 00106 29256 32010 92796 24056 34008 85532
19422 05513 70188 13070 13512 50592 04165 06010 40764 16366
05004 30975 30366 32040 25102 40369 30537 20249 54160 28534
15429 65764 33018 10667 77164 17505
88999
77999
31313 52108 82304 
 MOHANBARI 28/03/2019 0000 TTAA 78001 42314
99002 18027 01004 00130 17226 04004 92798 16856 01503
85515 12838 25505 70119 03221 03009 50576 16160 01526
40740 26560 32526 30941 44149 31021 25062 47771 29525
20208 50578 25043 15392 55981 25047 10641 66777 27561
88274 47761 32522 88107 68577 25559
77103 26563 41239
31313 52108 82339 
 NAGPUR 28/03/2019 0000 TTAA  77231 42867 
99977 21663 00000 00107 ///// ///// 92793 29079 02509
85536 23074 33006 70186 10067 28529 50589 06776 31515
40759 18382 29027 30966 36165 28024 25090 46964 30518
20234 59558 30528 15412 64561 29031 10654 73160 28024
88999 77999= 
 PATIALA 28/03/2019 0000  78001 42101
99982 17624 00000 00092 ///// ///// 92768 23065 33015 85503
20864 31520 70148 08657 32032 50585 08942 30527 40753 20950
29519 30959 37756 28031 25082 48559 28031 20225 60558 26537
15403 62568 28533 10648 69377 31031
88189 63158 26546 88116 68177 29024
77999
31313 52108 80002=  
 PATNA 28/03/2019 0000 78001 42492
99006 20034 00000 00106 25262 27503 92783 18259 30506 85498
11860 26013 70108 04868 29020 50579 07566 31528 40748 20169
30033 30954 38159 32035 25077 48765 33550 20219 60761 32056
15397 62365 31034
88182 64761 31548
77999
31313 52108 82312=

  
 PORTBLAIR 28/03/2019 0000 78001 43333
99002 24403 00000 00099 26615 35504 92790 24443 28504 85529
20424 14507 70182 11640 20502 50592 04175 32510 40764 15175
27011 30975 31337 22527 25101 41556 21528 20248 53356 20036
15427 65958 22035 10667 76562 24526
88999
77999
31313 52108 82322 = 
 RAIPUR 28/03/2019 0000 78001 42874
99978 23862 00000 00101 ///// ///// 92786 27074 05514 85525
21866 31508 70170 09267 30034 50588 06570 31522 40759 18177
32518 30966 36373 29028 25089 46975 29523 20233 58770 30535
15411 64778 30028 10654 72376 26522
88999
77999
31313 52108 82317= 
 RANCHI 28/03/2019 0000 USIN90 VERC 280000
TTAA 78001 42701 99940 18056 00000 00115 ///// ///// 92782 22663 05507 85512 19063 31016 70150 09873 30024 50587 05569 30023 40758 18966 31526 30964 37758 31033 25087 47571 32544 20230 59764 32554 15410 61779 29044 10656 69577 24533 88192 61764 32049 77999 31313 52108 82301=
 
 SILIGURI 28/03/2019 0000 TTAA 78001 42399
99004 17629 00000 00111 18436 06505 92787 19456 18005
85509 13815 34504 70123 09867 27507 50581 10566 31533
40749 22567 34540 30953 40373 33044 25074 50572 34059
20216 62964 34071 15395 61179 29555
88198 63364 34067
77208 33574 41828
31313 52108 82336= 
 SUNDERNAGAR 28/03/2019 0000 TTAA 78231 42079
99916 12016 00000 00144 ///// ///// 92795 ///// /////
85511 15856 05007 70148 08860 31519 50584 09337 29523
40753 19958 29020 30958 37950 28031 25081 49556 28031
20223 61756 26541 15400 63363 28532 10646 70567 31039
88186 64556 26049 88103 70367 30038
77999
31313 52108 82333=
NNNN 
 THIRUVANANTHAPURAM 28/03/2019 0000 78001 43371

99005 26227 00000 00105 27038 01010 92795 24050 35009 85530

18218 35011 70175 11475 06520 50590 03374 06006 40762 16768

28005 30972 31570 30020 25098 40986 29022 20246 53767 27027

15424 67363 27516 10661 80365 23506

88999

77999

31313 52108 82317= 
 VISAKHAPATNAM 28/03/2019 0000 TTAA 78001 43150
99005 26835 22508 00105 26833 24510 92791 23830 26012
85534 22257 31008 70184 08414 29012 50589 05176 34514
40760 18969 34024 30967 35969 30020 25091 46984 28520
20235 54581 29030 15415 66378 26536 10655 72976 25527
88999
77999
31313 52108 82302 
 