TTAA 77001 42101 99983 15618 00000 00107 ///// ///// 92782 21659 33521 85510
17659 34021 70147 10265 33517 50586 07360 31520 40755 20758 31027 30961 37959
33039 25083 48558 32059 20226 61358 32076 15402 63560 32056 10649 65163 29048
88181 66158 32080 77999 31313 52108 80000
 TTBB 77008 42101 00983 15618 11980 18250 22974 22857 33964 23860 44959 23860
55942 23060 66861 17257 77860 17257 88850 17659 99843 17860 11829 17059 22828
16859 33809 15660 44792 15062 55788 15264 66786 15265 77777 14465 88761 13265
99755 12864 11747 12665 22746 12665 33712 11065 44707 10865 55706 10665 66618
03861 77588 01461 88524 04360 99521 04560 11487 08560 22432 15560 33426 16560
44416 17959 55318 34359 66304 37159 77243 50157 88238 51358 99181 66158 11143
62761 22124 66962 33107 63563 44100 65163 21212 00983 00000 11978 33014 22973
34015 33953 33520 44952 33520 55896 33025 66894 33025 77842 34021 88789 31523
99764 32026 11738 32019 22698 33517 33670 32020 44666 31522 55652 31519 66646
32018 77635 32021 88618 31525 99617 31025 11598 30526 22554 30017 33545 31016
44517 32518 55497 31521 66478 32519 77463 32022 88427 31533 99395 31528 11378
29026 22365 31522 33356 31022 44339 30521 55337 30022 66298 33540 77282 33550
88231 31562 99227 31566 11179 32082 22171 32562 33168 32555 44158 31561 55146
32063 66133 34040 77132 34036 88126 33030 99114 30041 11100 29048 31313 52108
80000 41414 ///// 51515 11900 01336 22800 01321 33600 01806
 TTCC 77001 42101 70864 67764 33012 50068 64978 34018 30387 54981 03006 20649
50183 33510 10112 42585 05011 88842 69164 28027 77999 31313 52108 80000
