TTAA 77001 42182 99982 18050 00000 00114 ///// ///// 92788 21064 33516 85513
17070 31025 70141 09483 32521 50584 07966 33030 40754 21165 30536 30958 39363
32532 25080 49560 33556 20222 61958 32572 15398 63760 33055 10644 67961 28543
88187 65358 33076 77190 33076 41120 31313 41708 82335
 TTBB 77008 42182 00982 18050 11956 21662 22948 22263 33930 21465 44913 19864
55905 19465 66896 19671 77776 12877 88761 13280 99708 10284 11629 03869 22584
00476 33572 00071 44507 07366 55469 11368 66341 32360 77308 37964 88229 54358
99187 65358 11184 65558 22179 65158 33173 65958 44150 63760 55128 66960 66110
65761 77109 65561 88100 67961 21212 00982 00000 11945 33014 22913 33517 33882
32022 44843 31026 55793 30528 66704 32519 77650 29522 88615 29521 99507 33027
11435 31035 22422 29531 33296 32535 44276 34046 55236 32564 66198 32572 77190
33076 88169 32553 99159 31569 11151 33055 22142 33063 33128 33538 44121 31030
55115 29539 66109 29529 77100 28543 31313 41708 82335
 TTCC 77001 42182 70857 683// 25523 50059 671// 31523 30376 561// 03511 20637
497// 34020 10099 425// 05509 88788 701// 28536 77999 31313 41708 82335
