TTAA 77001 42299 99820 13657 00000 00098 ///// ///// 92752 ///// ///// 85462
///// ///// 70066 02624 16010 50570 13944 01013 40736 25557 25512 30937 43550
24020 25057 50360 22526 20203 51768 23563 15389 55371 25559 10642 65370 24540
88262 50356 24024 77184 24071 41720 31313 52108 82321
 TTBB 77008 42299 00820 13657 11813 10636 22768 08032 33651 02506 44568 06346
55447 19748 66376 29357 77324 38737 88262 50356 99237 47763 11205 52768 22194
50169 33163 51971 44117 60371 55105 64371 66100 65370 21212 00820 00000 11784
12501 22777 15501 33704 15510 44688 16509 55675 17530 66660 16005 77635 15505
88624 17521 99614 17510 11607 24002 22546 01510 33527 35515 44491 01512 55470
35018 66458 35506 77428 32511 88417 23512 99409 27012 11390 24015 22363 22012
33358 23012 44353 21022 55346 24014 66340 23513 77333 21018 88324 20035 99314
20528 11307 23516 22265 24023 33249 22527 44225 25041 55184 24071 66166 24549
77139 25565 88122 28550 99115 26534 11109 25039 22104 25545 33101 25542 44100
24540 31313 52108 82321 41414 344// 51515 11900 00000 22800 00000 33600 00000
 TTCC 77005 42299 70857 66570 28013 50058 65578 30017 88908 68370 25043 77999
31313 52108 82321
