TTAA 77001 42314 99002 20015 00000 00130 19617 03513 92801 17650 30504 85522
14450 22512 70133 03844 22534 50578 13780 23043 40743 25946 23061 30947 37959
24088 25070 45178 22625 20217 51382 22621 15399 62179 24099 10645 66977 23574
88129 65778 25087 77187 23126 40321 31313 52108 82346
 TTBB 77008 42314 00002 20015 11902 17656 22741 07456 33652 00917 44596 04366
55526 10579 66481 15979 77474 16570 88462 17927 99427 21901 11403 25334 22388
26963 33345 33165 44337 31969 55325 33758 66284 40963 77261 42785 88214 51382
99197 50782 11169 58980 22129 65778 33105 66178 44100 66977 21212 00002 00000
11992 03515 22956 02510 33916 28003 44833 21016 55741 23030 66682 22036 77544
23531 88486 23548 99443 21552 11359 24564 22317 24596 33296 24087 44250 22625
55187 23126 66155 23599 77140 24610 88121 24565 99112 25580 11105 25067 22101
23573 33100 23574 31313 52108 82346 41414 2553/ 51515 11900 00000 22800 00000
33600 00000
 TTCC 77002 42314 70860 70976 21518 50060 65578 00508 30375 57780 34007 20635
54181 03504 88647 73575 24019 77999 31313 52108 82346
