TTAA 77001 42339 99988 19664 00000 00139 ///// ///// 92820 25476 04504 85554
19065 33009 70194 09265 34519 50589 07762 30524 40759 19768 30028 30965 37167
32021 25088 47573 32035 20231 60761 31542 15406 66567 31549 10650 71376 31523
88168 68361 32048 77139 30561 42038 31313 52108 82344
 TTBB 77008 42339 00988 19664 11987 20868 22985 22871 33972 26475 44964 27475
55915 24877 66800 15266 77779 16072 88757 14868 99599 00863 11573 01957 22550
03367 33535 05159 44462 10968 55387 21570 66270 43561 77252 47171 88168 68361
99162 65562 11133 64578 22114 66977 33105 70976 44100 71376 21212 00988 00000
11980 09510 22971 10514 33950 09510 44908 35502 55824 30512 66773 33521 77693
34517 88639 31011 99552 27517 11512 30521 22431 28525 33403 30027 44391 29033
55335 27522 66311 30516 77302 32020 88276 31534 99257 32534 11193 31042 22182
31057 33155 32045 44139 30561 55120 32030 66116 30019 77105 32034 88100 31523
31313 52108 82344 41414 ///// 51515 11900 36029 22800 00825 33600 00000
 TTCC 77001 42339 70860 70376 25524 50061 69177 32015 30376 54981 05006 20636
52582 05505 10095 45384 08507 88947 73775 29025 77999 31313 52108 82344
