TTAA 77001 42361 99991 16248 00000 00130 ///// ///// 92805 21467 01510 85531
16867 32016 70159 09295 32029 50586 07985 32534 40755 21188 30537 30959 39569
33541 25081 48975 34062 20224 61172 34078 15400 62179 33556 10647 69177 30036
88174 67169 32560 77199 34079 41028 31313 52108 82349
 TTBB 77008 42361 00991 16248 11909 20866 22816 13464 33789 14892 44767 12685
55734 12094 66554 01584 77410 19193 88310 38163 99293 40983 11250 48975 22174
67169 33149 62179 44129 66378 55118 64178 66105 68177 77100 69177 21212 00991
00000 11975 02010 22957 02012 33923 01510 44875 32512 55763 29015 66746 32018
77697 32029 88640 28519 99560 32018 11502 32534 22393 30538 33319 31541 44293
34040 55199 34079 66179 33058 77166 31570 88148 33556 99139 34539 11131 31527
22120 27540 33107 28045 44100 30036 31313 52108 82349 41414 ///// 51515 11900
00502 22800 01300 33600 01297
 TTCC 77001 42361 70859 70576 27025 50059 67177 34533 30374 55981 05512 20634
48783 36020 10095 41585 01514 88976 69777 30538 77999 31313 52108 82349
