TTAA 77001 42379 99004 17847 05002 00102 19037 06508 92779 21059 32507 85505
15239 32010 70123 07864 32026 50580 11577 33047 40747 23978 34062 30950 41766
33577 25070 51173 32586 20215 52182 33577 15399 59780 25039 10650 63578 27546
88231 53780 33095 88137 62579 28047 77223 33096 41744 31313 52108 82334
 TTBB 77008 42379 00004 17847 11002 18437 22994 21458 33977 23059 44940 22059
55832 13626 66782 12257 77724 06239 88708 05850 99696 08266 11652 05269 22536
08968 33515 09376 44380 25974 55273 47365 66231 53780 77185 49983 88137 62579
99113 63179 11106 60379 22100 63578 21212 00004 05002 11991 06512 22966 13510
33908 33010 44848 32010 55807 29013 66733 29519 77667 33521 88633 33523 99537
32038 11396 34062 22383 34076 33263 33579 44223 33096 55198 33072 66175 29517
77153 25038 88133 28548 99124 26054 11118 27058 22111 26553 33100 27546 31313
52108 82334 41414 ///// 51515 11900 00000 22800 00000 33600 00000
 PPBB 77008 42379 90/12 05002 11012 23501 90346 33509 33511 30509 90789 29518
30018 29518 91023 31023 34023 33523 91456 32532 32536 32536 918// 33039 92012
32550 32551 32556 92346 32558 33561 34076 927// 33578 93256 33576 33080 32586
9379/ 33090 33092 94046 33083 28024 25535 948// 27544 95234 27054 26552 27546
 TTCC 77001 42379 70865 68977 30041 50068 66977 36009 30386 53781 07507 20649
48983 02025 10112 40386 08517 88832 69377 30546 77999 31313 52108 82334
